 12  20    4   20.0  160.0  0.01  10000

  40   40  100.0
  50   20  160.0
  30   60  120.0
  20   20  135.0

  86   15 
 135   49 
  21   27 
  90   59 

 126   40 
  26   72 
 168   29 
  62   23 

  67   35 
 129    2 
  22   11 
 119   84 

 150   31 
  81   30 
  28   27 
 150   84 

  58   20 
  84   72 
  22   13 
  98   24 

 137   24 
 115   70 
  13   26 
  91   80 

 156    5 
  46   29 
 113   24 
  95   82 

 145   14 
  34   64 
  76    3 
  51   54 

 132   39 
  12   26 
  94   39 
 178   67 

  97   53 
 106   19 
  24   28 
  71   32 

  29    3 
  19   70 
 168    8 
 115   40 

 149   23 
  18   45 
 114   27 
  28   75 

   7   21 
  58   29 
 143   11 
 128   29 

   4   43 
 104   18 
  44    5 
 139   54 

  69   42 
  64    7 
 155    4 
  22   28 

   1    2 
 117   52 
  80   19 
 167   56 

  99   43 
 146   68 
   5    1 
  61   30 

  78    5 
 120   36 
  44   26 
 122   65 

 108   16 
  82   58 
   0   36 
  52   79 

   9   19 
 136   32 
  59    2 
   2    6 
